50 250 42.2618 90.6308
54.2262 240.986 42.2618 90.6308
58.4524 232.07 42.2618 90.6308
62.6785 223.252 42.2618 90.6308
66.9047 214.532 42.2618 90.6308
71.1309 205.911 42.2618 90.6308
75.3571 197.387 42.2618 90.6308
79.5833 188.962 42.2618 90.6308
83.8095 180.635 42.2618 90.6308
88.0356 172.405 42.2618 90.6308
92.2618 164.274 42.2618 90.6308
96.488 156.241 42.2618 90.6308
100.714 148.306 42.2618 90.6308
104.94 140.469 42.2618 90.6308
109.167 132.731 42.2618 90.6308
113.393 125.09 42.2618 90.6308
117.619 117.548 42.2618 90.6308
121.845 110.103 42.2618 90.6308
126.071 102.757 42.2618 90.6308
130.297 95.5086 42.2618 90.6308
134.524 88.3584 42.2618 90.6308
138.75 81.3064 42.2618 90.6308
142.976 74.3525 42.2618 90.6308
147.202 67.4967 42.2618 90.6308
151.428 60.7389 42.2618 90.6308
155.655 54.0793 42.2618 90.6308
159.881 47.5178 42.2618 90.6308
164.107 41.0543 42.2618 90.6308
168.333 34.689 42.2618 90.6308
172.559 28.4218 42.2618 90.6308
176.785 22.2527 42.2618 90.6308
181.012 16.1816 42.2618 90.6308
185.238 10.2087 42.2618 90.6308
189.464 4.33388 42.2618 90.6308
193.69 -1.44285 42.2618 90.6308
197.916 -6.2951 42.2618 63.4415
202.143 -4.39186 42.2618 44.4091
206.369 -3.05959 42.2618 31.0864
210.595 -2.12699 42.2618 21.7604
214.821 -1.47418 42.2618 15.2323
219.047 -1.01721 42.2618 10.6626
223.273 -0.697333 42.2618 7.46383
227.5 -0.473418 42.2618 5.22468
231.726 -0.316678 42.2618 3.65728
235.952 -0.20696 42.2618 2.5601
240.178 -0.130157 42.2618 1.79207
244.404 -0.0763947 42.2618 1.25445
